0.0 0.8999991 -0.0012 0.0 -0.0999999 0.000133 0.0 -3.48209386923e-06
1.0 0.535959381859 -1.05393595342 0.0 -0.0595510424288 0.116770328157 0.0 -0.00135142255497
2.0 -0.122305461849 -1.68926961214 0.0 0.013589495761 0.187029623571 0.0 -0.00073846159199
3.0 -0.777987701625 -2.061139395 0.0 0.0864430779583 0.228015155001 0.0 -0.000410413749009
4.0 -1.38305293075 -2.28759033398 0.0 0.153672547861 0.252843037109 0.0 -0.000255781565126
5.0 -1.93564740248 -2.42467154268 0.0 0.215071933609 0.267740949187 0.0 -0.000174084968618
6.0 -2.44092882923 -2.50159302579 0.0 0.271214314358 0.27595444731 0.0 -0.000126204517742
7.0 -2.90441487002 -2.53529574216 0.0 0.322712763336 0.27936586024 0.0 -9.58114735579e-05
8.0 -3.33083881093 -2.53645790876 0.0 0.370093201215 0.279161656529 0.0 -7.53023719387e-05
9.0 -3.72407959977 -2.51225081899 0.0 0.413786622197 0.276138646555 0.0 -6.07851813881e-05
10.0 -4.08729527679 -2.4677336665 0.0 0.454143919643 0.270858962945 0.0 -5.01083529972e-05
11.0 -4.42307005735 -2.40661830457 0.0 0.491452228595 0.263735033841 0.0 -4.20058857706e-05
12.0 -4.73353667686 -2.33171653046 0.0 0.525948519651 0.255079281162 0.0 -3.56936919784e-05
13.0 -5.02047125129 -2.24521585557 0.0 0.557830139033 0.24513476173 0.0 -3.06649947985e-05
14.0 -5.2853654667 -2.14885712588 0.0 0.587262829633 0.234094902876 0.0 -2.65802379234e-05
15.0 -5.52948147396 -2.04405321134 0.0 0.61438683044 0.222116690149 0.0 -2.32047799127e-05
16.0 -5.75389389201 -1.93197084647 0.0 0.639321543557 0.209329760719 0.0 -2.0372075881e-05
17.0 -5.95952223115 -1.81358861852 0.0 0.662169136794 0.195842846502 0.0 -1.79610931493e-05
18.0 -6.14715615888 -1.68973904887 0.0 0.683017350987 0.181748449874 0.0 -1.58819995542e-05
19.0 -6.31747536843 -1.56113978937 0.0 0.701941707604 0.16712630993 0.0 -1.40668299109e-05
20.0 -6.47106533175 -1.42841720131 0.0 0.719007259084 0.152046022368 0.0 -1.24632411968e-05
21.0 -6.60842987688 -1.2921244993 0.0 0.73426998632 0.136569055478 0.0 -1.10302366024e-05
22.0 -6.73000128401 -1.15275595181 0.0 0.747777920446 0.120750327979 0.0 -9.73517484244e-06
23.0 -6.83614841764 -1.01075818049 0.0 0.759572046404 0.104639464499 0.0 -8.55163628464e-06
24.0 -6.92718328278 -0.86653930089 0.0 0.769687031419 0.0882818112101 0.0 -7.4578706864e-06
25.0 -7.00336629851 -0.720476444155 0.0 0.778151810945 0.0717192715727 0.0 -6.43564581777e-06
26.0 -7.06491051051 -0.572922059687 0.0 0.784990056724 0.0549910066319 0.0 -5.46937551206e-06
27.0 -7.11198491053 -0.424209301398 0.0 0.790220545614 0.0381340334886 0.0 -4.54544385968e-06
28.0 -7.1447169889 -0.274656731907 0.0 0.793857443211 0.0211837479897 0.0 -3.65166679458e-06
29.0 -7.16319461332 -0.124572531349 0.0 0.795910512591 0.00417439237211 0.0 -2.77684865546e-06
30.0 -7.16746730029 0.0257416356152 0.0 0.796385255587 -0.0128605150684 0.0 -1.91040171083e-06
31.0 -7.15754692295 0.17598696279 0.0 0.795282991439 -0.0298877736433 0.0 -1.04200331162e-06
32.0 -7.13340787954 0.325863936739 0.0 0.792600875505 -0.0468741040822 0.0 -1.6126917929e-07
33.0 -7.09498672793 0.475068749258 0.0 0.788331858659 -0.0637857499175 0.0 7.42577005676e-07
34.0 -7.04218127407 0.623289573577 0.0 0.782464586008 -0.0805880637308 0.0 1.68105806175e-06
35.0 -6.97484908311 0.770202581521 0.0 0.774983231457 -0.0972450646134 0.0 2.6668443783e-06
36.0 -6.89280536154 0.915467562592 0.0 0.765867262393 -0.113718951399 0.0 3.71422912491e-06
37.0 -6.79582013455 1.05872298017 0.0 0.755091126061 -0.129969553352 0.0 4.83971302077e-06
38.0 -6.68361461419 1.19958026188 0.0 0.742623846021 -0.145953695765 0.0 6.062746508e-06
39.0 -6.55585661797 1.33761706645 0.0 0.728428513108 -0.161624451827 0.0 7.40669612805e-06
40.0 -6.41215485175 1.47236919101 0.0 0.712461650195 -0.176930243446 0.0 8.90013097991e-06
41.0 -6.25205181126 1.60332067167 0.0 0.694672423473 -0.191813741297 0.0 1.05785700552e-05
42.0 -6.07501497728 1.72989146867 0.0 0.675001664142 -0.206210496518 0.0 1.24869019311e-05
43.0 -5.88042587356 1.85142189299 0.0 0.653380652618 -0.220047210332 0.0 1.46828013744e-05
44.0 -5.66756641149 1.96715258223 0.0 0.629729601276 -0.233239509137 0.0 1.72416528454e-05
45.0 -5.43560174621 2.07619830519 0.0 0.603955749579 -0.24568903391 0.0 2.02638024873e-05
46.0 -5.18355859237 2.17751305706 0.0 0.575950954708 -0.257279561896 0.0 2.38854991805e-05
47.0 -4.91029756084 2.26984260842 0.0 0.545588617871 -0.267871734269 0.0 2.82958479599e-05
48.0 -4.61447753966 2.35165854892 0.0 0.512719726629 -0.277295727657 0.0 3.37638818607e-05
49.0 -4.29450940363 2.42106428305 0.0 0.477167711515 -0.285340809228 0.0 4.0683297516e-05
50.0 -3.94849537065 2.47565715399 0.0 0.43872170785 -0.29174001711 0.0 4.96493498901e-05
51.0 -3.57414922738 2.51231937727 0.0 0.397127691931 -0.296146930808 0.0 6.15972162527e-05
52.0 -3.16869201401 2.52688835644 0.0 0.352076890445 -0.298099039604 0.0 7.80647152236e-05
53.0 -2.72871998878 2.51361186113 0.0 0.303191109864 -0.296957206792 0.0 0.000101723962437
54.0 -2.25005591616 2.46419501652 0.0 0.250006212907 -0.291799779613 0.0 0.000137542234852
55.0 -1.72765687014 2.36601246961 0.0 0.19196187446 -0.281223941068 0.0 0.000195555991832
56.0 -1.15591740929 2.19845072978 0.0 0.128435267698 -0.262939303309 0.0 0.000298209137243
57.0 -0.530958884914 1.92460319449 0.0 0.058995431657 -0.232845132721 0.0 0.00050140714827
58.0 0.136459619821 1.47053303449 0.0 -0.0151621799802 -0.182726226055 0.0 0.000941580514983
59.0 0.743013633717 0.684646968743 0.0 -0.0825570704131 -0.0957388854159 0.0 0.00138925276106
60.0 0.837304816575 -0.463424829041 0.0 -0.0930338685084 0.0314913143379 0.0 -0.00110536996364
61.0 0.295037354932 -1.3552307171 0.0 -0.0327819283258 0.130247524122 0.0 -0.00110441956216
62.0 -0.375694870106 -1.87071999814 0.0 0.0417438744562 0.187190777571 0.0 -0.00058288850458
63.0 -1.01364301576 -2.1780543823 0.0 0.112627001751 0.221005709144 0.0 -0.000338900934486
64.0 -1.59838183233 -2.36598152802 0.0 0.17759798137 0.24155316978 0.0 -0.000219136481369
65.0 -2.13237039999 -2.47768514196 0.0 0.236930044443 0.253631349106 0.0 -0.000153132803675
66.0 -2.62120052875 -2.53665965725 0.0 0.291244503195 0.259850739694 0.0 -0.000113158522444
67.0 -3.07013387648 -2.55700629959 0.0 0.341125986275 0.261778144399 0.0 -8.71405172434e-05
68.0 -3.48356958418 -2.54784770964 0.0 0.387063287131 0.26042718996 0.0 -6.92388709988e-05
69.0 -3.86509532157 -2.51543467613 0.0 0.42945503573 0.256492408459 0.0 -5.63698739459e-05
70.0 -4.21763546672 -2.46424749725 0.0 0.468626162968 0.250471610806 0.0 -4.67853784833e-05
71.0 -4.54359031732 -2.3976157986 0.0 0.504843368591 0.2427347554 0.0 -3.94353711236e-05
72.0 -4.84494766153 -2.31808881654 0.0 0.538327517947 0.233565090726 0.0 -3.36583501359e-05
73.0 -5.12336838537 -2.22766772363 0.0 0.56926315393 0.223184969292 0.0 -2.90205937858e-05
74.0 -5.38025151816 -2.12795747652 0.0 0.59780572424 0.211772719614 0.0 -2.52279184277e-05
75.0 -5.61678378611 -2.02026955587 0.0 0.624087087346 0.199474061764 0.0 -2.207487452e-05
76.0 -5.83397764909 -1.90569357485 0.0 0.648219738788 0.186410063872 0.0 -1.94142783817e-05
77.0 -6.03270076713 -1.78514849665 0.0 0.670300085237 0.172682832961 0.0 -1.71382814229e-05
78.0 -6.21369904327 -1.65942011414 0.0 0.690411004808 0.158379679349 0.0 -1.51662374577e-05
79.0 -6.37761480271 -1.52918904504 0.0 0.708623866968 0.143576227227 0.0 -1.34367104817e-05
80.0 -6.52500124698 -1.39505203857 0.0 0.725000138553 0.128338782063 0.0 -1.19020788482e-05
81.0 -6.65633402012 -1.25753847794 0.0 0.739592668902 0.112726164216 0.0 -1.05248100636e-05
82.0 -6.77202050759 -1.11712337778 0.0 0.752446723066 0.0967911530861 0.0 -9.2748352216e-06
83.0 -6.8724073313 -0.974237790714 0.0 0.763600814588 0.0805816434127 0.0 -8.12766182445e-06
84.0 -6.9577863896 -0.829277279826 0.0 0.773087376622 0.0641415866473 0.0 -7.06299090375e-06
85.0 -7.02839970592 -0.682608937344 0.0 0.780933300658 0.047511770816 0.0 -6.0636833836e-06
86.0 -7.08444328561 -0.534577308681 0.0 0.787160365068 0.0307304787424 0.0 -5.11497070404e-06
87.0 -7.12607013187 -0.385509495612 0.0 0.791785570208 0.013834055068 0.0 -4.20383693675e-06
88.0 -7.15339253361 -0.235719652852 0.0 0.794821392623 -0.00314259412757 0.0 -3.31852071602e-06
89.0 -7.1664837075 -0.0855130506696 0.0 0.7962759675 -0.0201655499256 0.0 -2.44809897814e-06
90.0 -7.16537885185 0.0648101523036 0.0 0.796153205761 -0.037201461367 0.0 -1.58212346268e-06
91.0 -7.15007564823 0.214951300177 0.0 0.794452849803 -0.054217144464 0.0 -7.10286387104e-07
92.0 -7.12053422789 0.364609679054 0.0 0.791170469766 -0.0711791865615 0.0 1.77905362734e-07
93.0 -7.07667660184 0.51347889163 0.0 0.786297400204 -0.0880535435145 0.0 1.09346728946e-06
94.0 -7.0183855352 0.661243050377 0.0 0.779820615022 -0.104805116709 0.0 2.04830652882e-06
95.0 -6.94550282735 0.807572661375 0.0 0.771722536372 -0.121397295708 0.0 3.05564742839e-06
96.0 -6.85782693724 0.952120051254 0.0 0.761980770805 -0.137791450139 0.0 4.13054355822e-06
97.0 -6.75510986828 1.09451415962 0.0 0.750567763143 -0.153946351069 0.0 5.29051563544e-06
98.0 -6.63705319534 1.23435447553 0.0 0.737450355037 -0.169817497281 0.0 6.55636950194e-06
99.0 -6.50330307777 1.37120383387 0.0 0.722589230863 -0.185356314874 0.0 7.95327048662e-06
100.0 -6.35344405158 1.5045796981 0.0 0.705938227954 -0.200509188677 0.0 9.51218482354e-06
101.0 -6.18699132762 1.63394342787 0.0 0.687443480846 -0.215216269764 0.0 1.12718519355e-05
102.0 -6.00338123443 1.75868684452 0.0 0.667042359381 -0.229409982725 0.0 1.32815356613e-05
103.0 -5.8019593252 1.87811513518 0.0 0.644662147244 -0.243013126131 0.0 1.5604938543e-05
104.0 -5.58196550468 1.99142472892 0.0 0.620218389408 -0.255936414324 0.0 1.83258883005e-05
105.0 -5.34251530671 2.09767415684 0.0 0.593612811857 -0.268075239649 0.0 2.15567877166e-05
106.0 -5.08257613886 2.1957449364 0.0 0.564730682096 -0.279305326267 0.0 2.54514880811e-05
107.0 -4.80093687209 2.28428796198 0.0 0.533437430232 -0.289476773554 0.0 3.02254567088e-05
108.0 -4.49616854487 2.36164830561 0.0 0.499574282763 -0.298405700623 0.0 3.6188384298e-05
109.0 -4.16657312598 2.42575691979 0.0 0.462952569553 -0.30586221331 0.0 4.37988418082e-05
110.0 -3.81011623993 2.47396987948 0.0 0.423346248881 -0.311552542164 0.0 5.3759793447e-05
111.0 -3.42433871749 2.5028211647 0.0 0.380482079722 -0.315091573856 0.0 6.71938168399e-05
112.0 -3.00624181664 2.50762623485 0.0 0.334026868515 -0.315958803872 0.0 8.59834921842e-05
113.0 -2.5521459516 2.48181353707 0.0 0.2835717724 -0.313424059675 0.0 0.000113479249326
114.0 -2.05754799373 2.4157258388 0.0 0.228616443748 -0.306414315423 0.0 0.000156095955285
115.0 -1.517109404 2.29430143804 0.0 0.168567711556 -0.293256048671 0.0 0.000227274819406
116.0 -0.925377737509 2.09214799881 0.0 0.102819748612 -0.271127888757 0.0 0.000358364361832
117.0 -0.281195774339 1.76188685713 0.0 0.0312439749265 -0.234765539681 0.0 0.000629626652902
118.0 0.386966430421 1.20503830838 0.0 -0.0429962700468 -0.173226812043 0.0 0.00119427383503
119.0 0.874355879684 0.250849189877 0.0 -0.0971506532983 -0.0675391322085 0.0 0.000778078248791
120.0 0.673429874564 -0.87451653965 0.0 -0.0748255416183 0.0571681710723 0.0 -0.0014277972885
121.0 0.0411716012835 -1.60193088948 0.0 -0.00457462236489 0.137658654386 0.0 -0.00086454605585
122.0 -0.623402776603 -2.02327921592 0.0 0.069266975178 0.184141801769 0.0 -0.00046791971985
123.0 -1.2415028986 -2.27824612943 0.0 0.137944766511 0.212138125492 0.0 -0.000284180033952
124.0 -1.80640451663 -2.43361167904 0.0 0.200711612959 0.229067631005 0.0 -0.000189827844832
125.0 -2.32261503216 -2.52321715744 0.0 0.258068336906 0.238690461938 0.0 -0.000135777436201
126.0 -2.79575279875 -2.56622818048 0.0 0.310639199861 0.243136131164 0.0 -0.000102059060977
127.0 -3.23076416044 -2.57450854058 0.0 0.358973795604 0.243722837843 0.0 -7.96090295122e-05
128.0 -3.63172517799 -2.55591605936 0.0 0.403525019776 0.241323673263 0.0 -6.38852188296e-05
129.0 -4.0019543396 -2.51593432551 0.0 0.444661593289 0.236547925057 0.0 -5.24194188889e-05
130.0 -4.34416247751 -2.45855155546 0.0 0.482684719723 0.229838728385 0.0 -4.3779451279e-05
131.0 -4.66058195882 -2.38676724888 0.0 0.517842439868 0.221529360986 0.0 -3.70884757695e-05
132.0 -4.95306785769 -2.30290088457 0.0 0.550340873077 0.21187754273 0.0 -3.17852116995e-05
133.0 -5.22317511762 -2.20878879385 0.0 0.580352790847 0.201087310428 0.0 -2.74966541538e-05
134.0 -5.47221718612 -2.10591461964 0.0 0.608024131791 0.189323513293 0.0 -2.39668612185e-05
135.0 -5.70131079665 -1.99549862933 0.0 0.633478977405 0.176721736592 0.0 -2.10152854106e-05
136.0 -5.91141045944 -1.87856060294 0.0 0.656823384382 0.163395289216 0.0 -1.85114321862e-05
137.0 -6.10333527725 -1.75596521887 0.0 0.678148364139 0.149440246541 0.0 -1.63589209643e-05
138.0 -6.27778998751 -1.62845553332 0.0 0.697532220834 0.134939170369 0.0 -1.44851591445e-05
139.0 -6.43538161443 -1.49667817039 0.0 0.715042401603 0.119963907822 0.0 -1.28344742876e-05
140.0 -6.57663274363 -1.36120262373 0.0 0.730736971515 0.10457773597 0.0 -1.13634368914e-05
141.0 -6.70199216574 -1.22253630224 0.0 0.744665796193 0.0888370335821 0.0 -1.00376053569e-05
142.0 -6.81184344414 -1.08113645434 0.0 0.756871493793 0.0727926060375 0.0 -8.82921451802e-06
143.0 -6.90651182278 -0.937419775334 0.0 0.767390202531 0.0564907528149 0.0 -7.71550200752e-06
144.0 -6.98626978755 -0.791770279998 0.0 0.776252198617 0.039974142222 0.0 -6.67747275759e-06
145.0 -7.05134151852 -0.644545869497 0.0 0.783482390947 0.0232825410553 0.0 -5.69896823429e-06
146.0 -7.1019064126 -0.496083915838 0.0 0.789100712511 0.00645343509316 0.0 -4.76594927325e-06
147.0 -7.13810181215 -0.34670611256 0.0 0.793122423573 -0.0104774319377 0.0 -3.86592880274e-06
148.0 -7.16002503984 -0.196722788352 0.0 0.79555833776 -0.027475579072 0.0 -2.98750867899e-06
149.0 -7.16773481227 -0.0464368440658 0.0 0.796414979141 -0.0445073506593 0.0 -2.11998647586e-06
150.0 -7.16125208143 0.103852550682 0.0 0.795694675715 -0.0615395056312 0.0 -1.25300561058e-06
151.0 -7.1405603325 0.253846380171 0.0 0.7933955925 -0.078538820019 0.0 -3.76226580391e-07
152.0 -7.10560534812 0.403242210672 0.0 0.789511705346 -0.0954716900746 0.0 5.21000756651e-07
153.0 -7.05629443116 0.551730510468 0.0 0.784032714573 -0.112303723385 0.0 1.44998385479e-06
154.0 -6.99249505962 0.698990741738 0.0 0.776943895513 -0.128999304638 0.0 2.42307496406e-06
155.0 -6.91403292694 0.844687089984 0.0 0.768225880771 -0.145521121109 0.0 3.45412552198e-06
156.0 -6.82068929846 0.988463673464 0.0 0.757854366496 -0.161829630385 0.0 4.55904055091e-06
157.0 -6.71219758689 1.12993904024 0.0 0.745799731876 -0.177882448915 0.0 5.75647745844e-06
158.0 -6.58823901591 1.26869971021 0.0 0.732026557323 -0.193633634468 0.0 7.0687506363e-06
159.0 -6.44843719813 1.40429244781 0.0 0.716493022014 -0.209032827534 0.0 8.52302953386e-06
160.0 -6.29235139743 1.53621484868 0.0 0.69915015527 -0.224024205409 0.0 1.01529582519e-05
161.0 -6.11946817231 1.66390367666 0.0 0.679940908035 -0.238545186296 0.0 1.20008878639e-05
162.0 -5.92919099788 1.78672017312 0.0 0.658798999765 -0.252524797014 0.0 1.41210134739e-05
163.0 -5.72082732988 1.90393124452 0.0 0.635647481098 -0.265881582724 0.0 1.65838721262e-05
164.0 -5.49357239003 2.01468495683 0.0 0.610396932225 -0.278520884093 0.0 1.94829317622e-05
165.0 -5.24648869617 2.11797803189 0.0 0.582943188463 -0.290331225766 0.0 2.29444721801e-05
166.0 -4.97848000467 2.21261188214 0.0 0.553164444963 -0.301179431349 0.0 2.71427928294e-05
167.0 -4.68825783504 2.29713184164 0.0 0.520917537227 -0.310903871293 0.0 3.23243125294e-05
168.0 -4.37429806077 2.36974110465 0.0 0.486033117863 -0.319304900516 0.0 3.88470477507e-05
169.0 -4.03478413806 2.42817542007 0.0 0.448309348673 -0.326130935563 0.0 4.72477906857e-05
170.0 -3.66753245515 2.46951470304 0.0 0.407503606128 -0.33105752256 0.0 5.83615770826e-05
171.0 -3.26989442716 2.48988894833 0.0 0.363321603017 -0.333654660926 0.0 7.35454071554e-05
172.0 -2.83863106625 2.4839981086 0.0 0.315403451805 -0.333333456512 0.0 9.51235891635e-05
173.0 -2.36976542641 2.44428462621 0.0 0.263307269601 -0.32925418069 0.0 0.000127341211701
174.0 -1.85846217174 2.35940932593 0.0 0.20649579686 -0.320156925103 0.0 0.00017859041178
175.0 -1.29916939436 2.21120325088 0.0 0.144352154929 -0.304022916765 0.0 0.000267154325031
176.0 -0.687106245385 1.96792721325 0.0 0.076345138376 -0.277325579249 0.0 0.000437483081895
177.0 -0.0267286769435 1.56772394012 0.0 0.00296985299362 -0.233191882236 0.0 0.000802848335482
178.0 0.617890167127 0.880484576711 0.0 -0.0686544630143 -0.157165286301 0.0 0.00140563626665
179.0 0.89143758269 -0.218497268687 0.0 -0.099048620299 -0.0353895257015 0.0 -0.000468129083685
180.0 0.451583015475 -1.21700016787 0.0 -0.0501758906084 0.0752219075417 0.0 -0.00126918535346
181.0 -0.214280762021 -1.80574763732 0.0 0.0238089735578 0.140304959703 0.0 -0.000676829053069
182.0 -0.863954248429 -2.15268170975 0.0 0.095994916492 0.178519856639 0.0 -0.000382285753437
183.0 -1.46164815844 -2.3644403836 0.0 0.162405350937 0.201715264845 0.0 -0.000241564122788
184.0 -2.00743121207 -2.49193765766 0.0 0.223047912453 0.215548295296 0.0 -0.000166046813785
185.0 -2.50668313308 -2.56212900335 0.0 0.278520348119 0.223014000373 0.0 -0.000121242587559
186.0 -2.9648396796 -2.59084894629 0.0 0.329426631067 0.22587177181 0.0 -9.25355781533e-05
187.0 -3.38651293328 -2.58817563911 0.0 0.376279214809 0.225241404346 0.0 -7.30236922588e-05
188.0 -3.77547417978 -2.56092808806 0.0 0.419497131086 0.22188056534 0.0 -5.91330019817e-05
189.0 -4.13479469149 -2.51394533198 0.0 0.459421632388 0.216326925775 0.0 -4.88693192491e-05
190.0 -4.46699034192 -2.45079460428 0.0 0.496332260214 0.20897684492 0.0 -4.10502816253e-05
191.0 -4.77414004433 -2.37418877651 0.0 0.530460004926 0.200131752946 0.0 -3.49389810157e-05
192.0 -5.05797718046 -2.28624539798 0.0 0.561997464495 0.190026933109 0.0 -3.00566118366e-05
193.0 -5.31995912264 -2.18865444389 0.0 0.591106569182 0.178850160432 0.0 -2.60809132517e-05
194.0 -5.5613201307 -2.08279092275 0.0 0.617924458967 0.166754213639 0.0 -2.27883290532e-05
195.0 -5.78311187144 -1.9697928304 0.0 0.642567985716 0.153865536712 0.0 -2.00196422408e-05
196.0 -5.98623473677 -1.85061657494 0.0 0.665137192974 0.140290397216 0.0 -1.76587957511e-05
197.0 -6.17146227966 -1.72607732114 0.0 0.685718031073 0.126119369016 0.0 -1.56194154704e-05
198.0 -6.33946045278 -1.59687898152 0.0 0.704384494753 0.111430664613 0.0 -1.38359887448e-05
199.0 -6.49080287794 -1.46363694166 0.0 0.721200319771 0.0962926601845 0.0 -1.22579427095e-05
200.0 -6.62598304758 -1.32689558863 0.0 0.73622033862 0.0807658431812 0.0 -1.08455773673e-05
201.0 -6.74542412492 -1.18714206111 0.0 0.749491569435 0.0649043401235 0.0 -9.56721317515e-06
202.0 -6.84948684 -1.04481721495 0.0 0.761054093333 0.0487571349943 0.0 -8.39715037927e-06
203.0 -6.93847585499 -0.90032451419 0.0 0.770941761666 0.0323690571322 0.0 -7.31418066916e-06
204.0 -7.01264488079 -0.75403736497 0.0 0.779182764532 0.0157815961078 0.0 -6.30048015077e-06
205.0 -7.07220075854 -0.606305276732 0.0 0.785800084282 -0.000966413696455 0.0 -5.34076849399e-06
206.0 -7.11730666753 -0.457459142578 0.0 0.790811851948 -0.0178382063802 0.0 -4.42165493323e-06
207.0 -7.14808458071 -0.307815865569 0.0 0.794231620079 -0.0347985704923 0.0 -3.5311150951e-06
208.0 -7.16461705699 -0.157682512289 0.0 0.796068561888 -0.0518133875234 0.0 -2.65805785992e-06
209.0 -7.16694843347 -0.00736014373023 0.0 0.796327603718 -0.0688492062522 0.0 -1.791951428e-06
210.0 -7.15508545845 0.142852547003 0.0 0.795009495383 -0.0858728385559 0.0 -9.22483891957e-07
211.0 -7.12899738695 0.292655672636 0.0 0.792110820772 -0.102850963626 0.0 -3.92371755339e-08
212.0 -7.08861554166 0.441744552424 0.0 0.787623949073 -0.119749728047 0.0 8.6864545133e-07
213.0 -7.03383232468 0.589805960446 0.0 0.781536924964 -0.136534328938 0.0 1.81281876562e-06
214.0 -6.96449964614 0.736514096986 0.0 0.773833294016 -0.153168566332 0.0 2.80614505297e-06
215.0 -6.880426715 0.881526141051 0.0 0.764491857222 -0.169614349006 0.0 3.86318199128e-06
216.0 -6.78137711254 1.02447721483 0.0 0.753486345838 -0.185831134981 0.0 5.00078578692e-06
217.0 -6.66706503987 1.16497455073 0.0 0.74078500443 -0.201775283414 0.0 6.2388795383e-06
218.0 -6.53715059327 1.30259059415 0.0 0.726350065919 -0.217399288239 0.0 7.60145693746e-06
219.0 -6.39123387419 1.43685469313 0.0 0.710137097132 -0.232650854793 0.0 9.1179222064e-06
220.0 -6.22884767853 1.56724290866 0.0 0.692094186503 -0.247471767629 0.0 1.08249149366e-05
221.0 -6.04944842769 1.69316531034 0.0 0.67216093641 -0.261796478927 0.0 1.2768843764e-05
222.0 -5.85240489311 1.81394987411 0.0 0.650267210345 -0.275550319345 0.0 1.50094736759e-05
223.0 -5.63698411469 1.92882173009 0.0 0.626331568298 -0.288647192232 0.0 1.76251104588e-05
224.0 -5.40233370526 2.03687594859 0.0 0.600259300584 -0.300986549843 0.0 2.07202610984e-05
225.0 -5.14745944354 2.13704118241 0.0 0.571939938171 -0.312449353601 0.0 2.44372312393e-05
226.0 -4.87119665339 2.2280300973 0.0 0.541244072599 -0.322892566367 0.0 2.89741659829e-05
227.0 -4.57217330449 2.30827024708 0.0 0.508019256054 -0.332141471898 0.0 3.46139856501e-05
228.0 -4.24876199984 2.37580518926 0.0 0.472084666649 -0.339978687695 0.0 4.17724440582e-05
229.0 -3.89901702078 2.42814883272 0.0 0.43322411342 -0.346127981413 0.0 5.10812195861e-05
230.0 -3.52059151305 2.46206347795 0.0 0.391176834783 -0.350229608662 0.0 6.35384551608e-05
231.0 -3.11062944353 2.4732077256 0.0 0.345625493725 -0.351801191733 0.0 8.07969149747e-05
232.0 -2.66563002006 2.4555504655 0.0 0.29618111334 -0.350172607278 0.0 0.000105752753341
233.0 -2.18129981798 2.40033684286 0.0 0.242366646442 -0.344371093651 0.0 0.000143845928916
234.0 -1.65248350651 2.29412737267 0.0 0.183609278501 -0.332903374741 0.0 0.000206209702807
235.0 -1.07358994086 2.11473250124 0.0 0.119287771207 -0.313303944582 0.0 0.000318118710289
236.0 -0.441497257887 1.82184205304 0.0 0.0490552508762 -0.281093894782 0.0 0.000543285766194
237.0 0.228012637976 1.3335076975 0.0 -0.025334737553 -0.227167855278 0.0 0.00102927076139
238.0 0.801287558351 0.487693483361 0.0 -0.089031950928 -0.133521831485 0.0 0.00126743689765
239.0 0.787533599483 -0.666609057644 0.0 -0.087503733276 -0.00559932692844 0.0 -0.00131017643339
240.0 0.204113643561 -1.49713570902 0.0 -0.0226792937291 0.0863480787805 0.0 -0.00101271632658
241.0 -0.465878370907 -1.97599281524 0.0 0.051764263434 0.139221090582 0.0 -0.000537341983792
242.0 -1.09680024233 -2.26319840108 0.0 0.121866693592 0.170799489009 0.0 -0.000317492314253
243.0 -1.67430504192 -2.43875811386 0.0 0.186033893546 0.189972790429 0.0 -0.00020781754257
244.0 -2.20177968416 -2.54214082074 0.0 0.244642187129 0.201126424526 0.0 -0.000146498100837
245.0 -2.68485955125 -2.59514179059 0.0 0.298317727917 0.206682087844 0.0 -0.000108948468564
246.0 -3.12869666378 -2.61099402274 0.0 0.347632962642 0.208110113638 0.0 -8.43012254969e-05
247.0 -3.53757174856 -2.59833381964 0.0 0.393063527618 0.206370091071 0.0 -6.72304289385e-05
248.0 -3.91497272621 -2.56311910397 0.0 0.434996969578 0.202124011553 0.0 -5.48937366326e-05
249.0 -4.2637446357 -2.50964342006 0.0 0.473749403967 0.195848935562 0.0 -4.56658947563e-05
250.0 -4.58622538436 -2.44111169758 0.0 0.509580598262 0.187900966398 0.0 -3.85637849677e-05
251.0 -4.8843535021 -2.3599867277 0.0 0.542705944677 0.178553747522 0.0 -3.29643979914e-05
252.0 -5.15975060584 -2.26820786486 0.0 0.573305622871 0.168022762762 0.0 -2.84572184346e-05
253.0 -5.4137840489 -2.16733469631 0.0 0.601531560989 0.15648129959 0.0 -2.47626178948e-05
254.0 -5.64761468946 -2.05864466979 0.0 0.627512743273 0.144071296644 0.0 -2.16845907014e-05
255.0 -5.8622336012 -1.9432013941 0.0 0.651359289023 0.130910932678 0.0 -1.90822625503e-05
256.0 -6.0584905495 -1.82190365134 0.0 0.67316561661 0.117100072371 0.0 -1.6852108524e-05
257.0 -6.23711628761 -1.69552136819 0.0 0.693012920846 0.102724263133 0.0 -1.49165115776e-05
258.0 -6.39874016693 -1.56472255586 0.0 0.710971129658 0.0878577284293 0.0 -1.32161990477e-05
259.0 -6.54390415212 -1.43009386406 0.0 0.727100461346 0.0725656515624 0.0 -1.17051200216e-05
260.0 -6.67307404462 -1.29215653763 0.0 0.741452671624 0.056905948626 0.0 -1.03468984453e-05
261.0 -6.78664851028 -1.1513790124 0.0 0.754072056698 0.0409306680443 0.0 -9.11232639635e-06
262.0 -6.88496635696 -1.00818702306 0.0 0.764996261884 0.0246871136737 0.0 -7.97755753794e-06
263.0 -6.96831239756 -0.862971851582 0.0 0.774256933062 0.00821876128698 0.0 -6.92277980969e-06
264.0 -7.03692215241 -0.716097177182 0.0 0.781880239157 -0.00843398031305 0.0 -5.93122054587e-06
265.0 -7.09098558315 -0.567904873474 0.0 0.787887287016 -0.0252331251695 0.0 -4.98838427947e-06
266.0 -7.1306500031 -0.4187200171 0.0 0.792294444789 -0.0421425536555 0.0 -4.08145393432e-06
267.0 -7.15602227255 -0.26885531552 0.0 0.795113585838 -0.0591275204977 0.0 -3.19880594945e-06
268.0 -7.16717035743 -0.118615121964 0.0 0.796352261936 -0.0761542086706 0.0 -2.32960279315e-06
269.0 -7.16412430597 0.0317008213034 0.0 0.796013811774 -0.0931893134781 0.0 -1.46343476373e-06
270.0 -7.1468766765 0.181793787368 0.0 0.7940974085 -0.110199643041 0.0 -5.89988007757e-07
271.0 -7.11538243099 0.331362501757 0.0 0.790598047888 -0.127151722417 0.0 3.0128166345e-07
272.0 -7.06955829063 0.480099499277 0.0 0.785506476736 -0.144011388809 0.0 1.22148892926e-06
273.0 -7.00928153162 0.627687282786 0.0 0.778809059069 -0.160743364754 0.0 2.18269440828e-06
274.0 -6.93438817986 0.773794153786 0.0 0.77048757554 -0.177310794865 0.0 3.19834009665e-06
275.0 -6.84467054066 0.918069563868 0.0 0.760518948962 -0.193674729319 0.0 4.28377601977e-06
276.0 -6.73987397392 1.06013880431 0.0 0.748874885991 -0.209793533812 0.0 5.4569191831e-06
277.0 -6.61969279271 1.19959680503 0.0 0.735521421412 -0.225622200559 0.0 6.73910149398e-06
278.0 -6.48376512272 1.33600074838 0.0 0.720418346968 -0.241111527598 0.0 8.15618686019e-06
279.0 -6.33166650791 1.46886110928 0.0 0.703518500879 -0.256207123253 0.0 9.74007405836e-06
280.0 -6.16290197851 1.59763059876 0.0 0.684766886501 -0.270848177639 0.0 1.15307585458e-05
281.0 -5.97689620583 1.72169029266 0.0 0.664099578426 -0.284965921407 0.0 1.35792162281e-05
282.0 -5.77298124382 1.8403319399 0.0 0.641442360425 -0.298481659989 0.0 1.59515177106e-05
283.0 -5.5503811867 1.95273501347 0.0 0.616709020744 -0.311304223718 0.0 1.87348230784e-05
284.0 -5.30819283616 2.05793640799 0.0 0.589799204017 -0.323326600888 0.0 2.20463190466e-05
285.0 -5.04536114293 2.15478965262 0.0 0.560595682548 -0.334421405847 0.0 2.60468841756e-05
286.0 -4.76064772868 2.24190884179 0.0 0.528960858742 -0.344434649087 0.0 3.09625844344e-05
287.0 -4.45259015808 2.31758971762 0.0 0.494732239787 -0.353176968624 0.0 3.71195896331e-05
288.0 -4.11944877471 2.37969557535 0.0 0.457716530523 -0.360410952817 0.0 4.50030141698e-05
289.0 -3.75913685202 2.42548713404 0.0 0.417681872447 -0.365832237116 0.0 5.53603813241e-05
290.0 -3.36912881711 2.45135951685 0.0 0.374347646345 -0.36904027965 0.0 6.93928165073e-05
291.0 -2.94634162041 2.45241780586 0.0 0.327371291156 -0.369491200651 0.0 8.91296829966e-05
292.0 -2.48699073137 2.42175578563 0.0 0.276332303486 -0.366417642848 0.0 0.000118215702887
293.0 -1.98645308609 2.34915039231 0.0 0.220717009565 -0.358683710257 0.0 0.000163708216905
294.0 -1.43929995208 2.21850640504 0.0 0.159922216897 -0.344501045004 0.0 0.00024059980518
295.0 -0.840243194471 2.00235003952 0.0 0.0933603549411 -0.320817004391 0.0 0.00038439372824
296.0 -0.189712140606 1.64861431921 0.0 0.0210791267338 -0.281846368801 0.0 0.000686335487195
297.0 0.473707491227 1.04812170658 0.0 -0.0526341656921 -0.215458300731 0.0 0.00128505034393
298.0 0.895162990933 0.0355463405505 0.0 -0.0994625545482 -0.103283260061 0.0 0.000357993048058
299.0 0.597974722265 -1.05322528401 0.0 -0.0664416358074 0.0173580315564 0.0 -0.0013997296503
300.0 -0.0512373880983 -1.72711571803 0.0 0.00569304312185 0.0919014131141 0.0 -0.000790562092355
301.0 -0.711110550493 -2.11961822628 0.0 0.079012283388 0.135179469587 0.0 -0.000434128050875
302.0 -1.3218557527 -2.35805852566 0.0 0.146872861411 0.161339502851 0.0 -0.000267593880836
303.0 -1.87976545453 -2.50287755207 0.0 0.208862828281 0.177097172453 0.0 -0.000180681945376
304.0 -2.38976051717 -2.58519174743 0.0 0.265528946352 0.185909860826 0.0 -0.000130238772704
305.0 -2.85741043554 -2.62286523477 0.0 0.317490048393 0.18976247053 0.0 -9.84557636094e-05
306.0 -3.28754161963 -2.627071471 0.0 0.36528240218 0.189896496778 0.0 -7.71313230514e-05
307.0 -3.68411775709 -2.60527001483 0.0 0.409346417454 0.187140779426 0.0 -6.21052583444e-05
308.0 -4.05036558926 -2.56269898677 0.0 0.450040621029 0.182077331864 0.0 -5.10946357861e-05
309.0 -4.38892350244 -2.50318713727 0.0 0.487658166938 0.175131570807 0.0 -4.27641753242e-05
310.0 -4.70196686911 -2.42962587006 0.0 0.522440763234 0.16662476334 0.0 -3.62909672906e-05
311.0 -4.99130561776 -2.34425878827 0.0 0.554589513084 0.156806198696 0.0 -3.1145346251e-05
312.0 -5.25845854546 -2.2488673976 0.0 0.584273171718 0.145873821956 0.0 -2.69736698413e-05
313.0 -5.50470980672 -2.14489475117 0.0 0.611634422969 0.133987972353 0.0 -2.35323049279e-05
314.0 -5.73115210081 -2.03353044388 0.0 0.636794677867 0.121280827098 0.0 -2.0648783386e-05
315.0 -5.93871997648 -1.91577067301 0.0 0.659857775164 0.107863074778 0.0 -1.81980629127e-05
316.0 -6.12821575899 -1.79246171975 0.0 0.68091286211 0.0938287466389 0.0 -1.60875320083e-05
317.0 -6.30032991956 -1.66433211452 0.0 0.700036657729 0.0792587905026 0.0 -1.42472588299e-05
318.0 -6.45565721262 -1.53201690059 0.0 0.717295245847 0.0642237667326 0.0 -1.26234837039e-05
319.0 -6.59470955127 -1.39607627056 0.0 0.732745505697 0.048785918951 0.0 -1.11741736991e-05
320.0 -6.71792633773 -1.25701012688 0.0 0.746436259748 0.0330007918751 0.0 -9.86592015162e-06
321.0 -6.82568278208 -1.11526964754 0.0 0.758409198009 0.0169185163932 0.0 -8.67172956077e-06
322.0 -6.91829660928 -0.971266625825 0.0 0.768699623253 0.000584847313962 0.0 -7.56941988558e-06
323.0 -6.99603345625 -0.825381141686 0.0 0.777337050694 -0.0159579842571 0.0 -6.54043347141e-06
324.0 -7.05911118746 -0.677967977156 0.0 0.784345687495 -0.0326705580938 0.0 -5.56894013214e-06
325.0 -7.10770330181 -0.529362087092 0.0 0.789744811312 -0.0495156569897 0.0 -4.64114377755e-06
326.0 -7.14194156112 -0.379883365746 0.0 0.793549062346 -0.0664577371393 0.0 -3.74473176321e-06
327.0 -7.16191793623 -0.229840900041 0.0 0.795768659581 -0.083462455551 0.0 -2.86842311013e-06
328.0 -7.16768594002 -0.0795368660778 0.0 0.796409548891 -0.100496237102 0.0 -2.00158267556e-06
329.0 -7.15926139315 0.0707297974869 0.0 0.795473488128 -0.117525866387 0.0 -1.1338753969e-06
330.0 -7.13662264871 0.22065981949 0.0 0.792958072078 -0.134518091054 0.0 -2.54938836322e-07
331.0 -7.0997102833 0.369950016345 0.0 0.788856698144 -0.151439224038 0.0 6.45945926804e-07
332.0 -7.0484262441 0.51828958818 0.0 0.783158471566 -0.16825473202 0.0 1.58020519798e-06
333.0 -6.98263242288 0.665356169488 0.0 0.775848046986 -0.18492879661 0.0 2.56036763344e-06
334.0 -6.90214860746 0.810811497365 0.0 0.766905400829 -0.201423833041 0.0 3.60053015481e-06
335.0 -6.80674973773 0.954296535796 0.0 0.756305526414 -0.217699948422 0.0 4.71692918118e-06
336.0 -6.69616236489 1.09542585773 0.0 0.744018040543 -0.233714317526 0.0 5.92866346848e-06
337.0 -6.57006017802 1.23378103397 0.0 0.730006686446 -0.249420448219 0.0 7.25863296311e-06
338.0 -6.42805841692 1.36890270254 0.0 0.714228712991 -0.264767300282 0.0 8.73478584951e-06
339.0 -6.26970693292 1.50028088491 0.0 0.696634103657 -0.279698209435 0.0 1.03918088956e-05
340.0 -6.09448158193 1.62734296051 0.0 0.677164620214 -0.294149551168 0.0 1.22734634419e-05
341.0 -5.90177353175 1.74943848555 0.0 0.655752614639 -0.30804905395 0.0 1.44358769726e-05
342.0 -5.69087592499 1.86581970765 0.0 0.632319547221 -0.321313634184 0.0 1.69522760119e-05
343.0 -5.46096714663 1.9756161229 0.0 0.606774127403 -0.333846569212 0.0 1.99199406515e-05
344.0 -5.21108967795 2.07780064144 0.0 0.579009964217 -0.345533737938 0.0 2.34706691617e-05
345.0 -4.94012314532 2.17114369289 0.0 0.548902571702 -0.356238521432 0.0 2.77869451766e-05
346.0 -4.64674965232 2.25414959035 0.0 0.516305516924 -0.365794732261 0.0 3.31276678028e-05
347.0 -4.32940876817 2.32496608619 0.0 0.481045418685 -0.373996565132 0.0 3.98705073437e-05
348.0 -3.98623860216 2.38125214357 0.0 0.44291540024 -0.380583904841 0.0 4.85843878698e-05
349.0 -3.61499829803 2.41997818601 0.0 0.401666477558 -0.385220131778 0.0 6.0159239778e-05
350.0 -3.21296653869 2.43711250341 0.0 0.356996282076 -0.387457278156 0.0 7.60508712263e-05
351.0 -2.77681234421 2.42710578968 0.0 0.308534704913 -0.386678754409 0.0 9.87729272416e-05
352.0 -2.30244650033 2.38199537076 0.0 0.255827388926 -0.381999818973 0.0 0.000132961819439
353.0 -1.7849153654 2.28973830048 0.0 0.198323929488 -0.37208236672 0.0 0.000187895740471
354.0 -1.21862609244 2.13083505998 0.0 0.13540289916 -0.354759784442 0.0 0.000284086534436
355.0 -0.599247980408 1.8707514644 0.0 0.066583108934 -0.326194940489 0.0 0.000472109950912
356.0 0.0655500557921 1.44111694238 0.0 -0.00728333953267 -0.278791104708 0.0 0.000878484636325
357.0 0.691556683054 0.699497371331 0.0 -0.0768396314506 -0.196722263481 0.0 0.00142157686997
358.0 0.866628587649 -0.432812264437 0.0 -0.0962920652946 -0.0712434150625 0.0 -0.000868304367062
359.0 0.364012424567 -1.37189928555 0.0 -0.0404458249521 0.0327662539503 0.0 -0.0011768962288
360.0 -0.305727649632 -1.91787314186 0.0 0.0339697388478 0.0930966824292 0.0 -0.000621527071923
361.0 -0.94891236256 -2.24177249575 0.0 0.105434706951 0.128752166195 0.0 -0.000356849525273
362.0 -1.53926682176 -2.43974684015 0.0 0.171029646863 0.150415982238 0.0 -0.000228493566143
363.0 -2.078344713 -2.55814722953 0.0 0.230927190333 0.163238247725 0.0 -0.000158556986697
364.0 -2.57166975021 -2.62189732043 0.0 0.285741083356 0.169988257826 0.0 -0.000116571382136
365.0 -3.02458304872 -2.6458195436 0.0 0.336064783191 0.172312949289 0.0 -8.94271131796e-05
366.0 -3.44157596028 -2.63943652095 0.0 0.382397328919 0.171270391217 0.0 -7.08479609047e-05
367.0 -3.82631492043 -2.60923802496 0.0 0.42514610227 0.16758166944 0.0 -5.75475276597e-05
368.0 -4.18178717245 -2.55985580035 0.0 0.464643019161 0.161761422262 0.0 -4.76753853737e-05
369.0 -4.51044246244 -2.49472008463 0.0 0.501160273604 0.154190787181 0.0 -4.01262568143e-05
370.0 -4.81430758403 -2.41644957459 0.0 0.534923064892 0.14516073051 0.0 -3.42070367558e-05
371.0 -5.09507447762 -2.32709494408 0.0 0.566119386402 0.134899104898 0.0 -2.94650495598e-05
372.0 -5.35416718536 -2.22829737479 0.0 0.59490746504 0.123588263865 0.0 -2.55942763084e-05
373.0 -5.59279282956 -2.12139545471 0.0 0.621421425507 0.111376939413 0.0 -2.23816177204e-05
374.0 -5.81198070752 -2.00749946714 0.0 0.645775634168 0.0983884963488 0.0 -1.96747962957e-05
375.0 -6.01261254755 -1.88754438895 0.0 0.668068060838 0.0847268209947 0.0 -1.73624828182e-05
376.0 -6.19544614629 -1.76232858493 0.0 0.688382905143 0.070480620548 0.0 -1.53615987089e-05
377.0 -6.36113400028 -1.63254265042 0.0 0.706792666697 0.0557266278249 0.0 -1.36089745871e-05
378.0 -6.51023810854 -1.49879132118 0.0 0.723359789838 0.0405320356864 0.0 -1.2055732572e-05
379.0 -6.64324181057 -1.36161041253 0.0 0.738137978952 0.02495637917 0.0 -1.06634167058e-05
380.0 -6.76055929983 -1.2214801375 0.0 0.751173255536 0.00905301527742 0.0 -9.40127137984e-06
381.0 -6.86254329062 -1.0788357517 0.0 0.762504810069 -0.00712969425548 0.0 -8.24428912931e-06
382.0 -6.94949119769 -0.934076204342 0.0 0.772165688632 -0.0235474217398 0.0 -7.17178302475e-06
383.0 -7.02165009991 -0.787571291393 0.0 0.780183344434 -0.0401590787341 0.0 -6.16632189214e-06
384.0 -7.07922069372 -0.639667680794 0.0 0.786580077079 -0.0569261465784 0.0 -5.21291907766e-06
385.0 -7.12236039179 -0.490694091134 0.0 0.791373376865 -0.073812100985 0.0 -4.29839924063e-06
386.0 -7.15118568313 -0.340965843404 0.0 0.794576187014 -0.0907819062884 0.0 -3.41088963376e-06
387.0 -7.16577384012 -0.190788962121 0.0 0.796197093346 -0.107801559764 0.0 -2.53939673076e-06
388.0 -7.16616403225 -0.0404639724942 0.0 0.796240448027 -0.124837669723 0.0 -1.67343833732e-06
389.0 -7.15235788479 0.109710478983 0.0 0.794706431643 -0.14185705322 0.0 -8.02707211177e-07
390.0 -7.12431950133 0.259434064024 0.0 0.791591055703 -0.158826340447 0.0 8.32547198744e-08
391.0 -7.08197495095 0.408401159335 0.0 0.786886105661 -0.175711573259 0.0 9.95391272727e-07
392.0 -7.02521120257 0.55629706468 0.0 0.780579022508 -0.192477784964 0.0 1.94549680861e-06
393.0 -6.95387447008 0.702793925838 0.0 0.772652718897 -0.209088547315 0.0 2.94663458898e-06
394.0 -6.86776791026 0.847546217417 0.0 0.763085323362 -0.225505468602 0.0 4.01363800941e-06
395.0 -6.76664859052 0.99018561167 0.0 0.751849843391 -0.241687623519 0.0 5.16373302839e-06
396.0 -6.65022361287 1.13031501725 0.0 0.738913734763 -0.257590890805 0.0 6.41733403912e-06
397.0 -6.51814524254 1.26750151145 0.0 0.724238360282 -0.273167167939 0.0 7.79908673824e-06
398.0 -6.37000484023 1.40126780347 0.0 0.707778315581 -0.288363422608 0.0 9.33926428766e-06
399.0 -6.20532533297 1.53108174279 0.0 0.689480592552 -0.303120526977 0.0 1.10756737693e-05
400.0 -6.02355187266 1.65634320895 0.0 0.669283541406 -0.317371800995 0.0 1.30563102136e-05
401.0 -5.82404021608 1.77636745721 0.0 0.647115579564 -0.331041161912 0.0 1.53431245539e-05
402.0 -5.60604220214 1.89036360498 0.0 0.622893578015 -0.344040733887 0.0 1.8017485118e-05
403.0 -5.36868748427 1.99740634978 0.0 0.596520831586 -0.356267705531 0.0 2.11882730825e-05
404.0 -5.1109603727 2.09639808382 0.0 0.567884485856 -0.367600120424 0.0 2.50041820102e-05
405.0 -4.831670218 2.18601708953 0.0 0.536852246444 -0.377891121059 0.0 2.96729266849e-05
406.0 -4.5294131787 2.26464505941 0.0 0.503268130966 -0.386960895489 0.0 3.54921913152e-05
407.0 -4.20252241537 2.33026302136 0.0 0.466946935041 -0.394585113484 0.0 4.29012960213e-05
408.0 -3.84900273158 2.38029737408 0.0 0.427666970176 -0.400477819342 0.0 5.25710618695e-05
409.0 -3.46644461575 2.41138406225 0.0 0.385160512861 -0.404265229139 0.0 6.55677665765e-05
410.0 -3.05191240918 2.4189922182 0.0 0.339101378797 -0.405443913133 0.0 8.36695867959e-05
411.0 -2.60180539781 2.3967931615 0.0 0.289089488645 -0.403310684611 0.0 0.000110019564441
412.0 -2.11171219505 2.33553694623 0.0 0.234634688338 -0.396837771803 0.0 0.000150584864967
413.0 -1.57637088099 2.22089808625 0.0 0.175152320109 -0.384433454028 0.0 0.00021773955681
414.0 -0.990247924588 2.02894777806 0.0 0.110027547176 -0.36343897534 0.0 0.000340005895103
415.0 -0.351217004908 1.71556096658 0.0 0.0390241116563 -0.328951551842 0.0 0.000589997932038
416.0 0.318473432899 1.18982965186 0.0 -0.035385936989 -0.270870294652 0.0 0.00112182115618
417.0 0.847846997467 0.282622372273 0.0 -0.0942052219411 -0.170402819141 0.0 0.00103555637424
418.0 0.72658732459 -0.861409201714 0.0 -0.0807319249547 -0.0436215331429 0.0 -0.00140898951917
419.0 0.11224477946 -1.63252237131 0.0 -0.0124716421624 0.0417243745901 0.0 -0.000926411156972
420.0 -0.555219389118 -2.07781337494 0.0 0.0616910432351 0.0908678194378 0.0 -0.000496499993461
421.0 -1.17894003948 -2.34630898472 0.0 0.130993337719 0.120367331636 0.0 -0.000298007682067
422.0 -1.74929011663 -2.51020877492 0.0 0.194365568514 0.138245086102 0.0 -0.000197354118316
423.0 -2.2703592081 -2.60566600819 0.0 0.252262134233 0.148518112021 0.0 -0.000140289821346
424.0 -2.74778557818 -2.65293551881 0.0 0.305309508686 0.153436946534 0.0 -0.00010497224099
425.0 -3.18660639646 -2.66445221329 0.0 0.354067377385 0.154383245921 0.0 -8.16002251901e-05
426.0 -3.59098589595 -2.64840041604 0.0 0.398998432883 0.15226637956 0.0 -6.53088400427e-05
427.0 -3.96431515167 -2.61046351646 0.0 0.440479461296 0.147717835162 0.0 -5.34748483206e-05
428.0 -4.30936241718 -2.55475878571 0.0 0.478818046354 0.141195087301 0.0 -4.4585665417e-05
429.0 -4.62840521995 -2.48437279642 0.0 0.514267246661 0.133041088492 0.0 -3.77200077263e-05
430.0 -4.92333436617 -2.40168591106 0.0 0.547037151797 0.123520323451 0.0 -3.22906914541e-05
431.0 -5.19573336857 -2.30857831224 0.0 0.577303707619 0.11284170136 0.0 -2.79089251711e-05
432.0 -5.44693879269 -2.2065660202 0.0 0.605215421409 0.101173668911 0.0 -2.43087734949e-05
433.0 -5.67808631144 -2.09689371309 0.0 0.630898479048 0.0886545236767 0.0 -2.1303153089e-05
434.0 -5.89014614221 -1.98059990321 0.0 0.654460682467 0.0753996559123 0.0 -1.8757172607e-05
435.0 -6.08395057069 -1.85856385875 0.0 0.675994507854 0.0615067620838 0.0 -1.65714202966e-05
436.0 -6.26021552837 -1.73154014038 0.0 0.695579503152 0.0470596822647 0.0 -1.46711688191e-05
437.0 -6.41955765385 -1.60018453472 0.0 0.713284183761 0.0321312816356 0.0 -1.29992142633e-05
438.0 -6.56250788413 -1.46507388872 0.0 0.729167542681 0.0167856543017 0.0 -1.15110108766e-05
439.0 -6.68952234632 -1.32672154322 0.0 0.743280260702 0.001079838136 0.0 -1.01712926391e-05
440.0 -6.80099112237 -1.18558954346 0.0 0.755665680263 -0.0149348285042 0.0 -8.95167912872e-06
441.0 -6.8972453154 -1.04209845985 0.0 0.7663605906 -0.0312116155722 0.0 -7.82894555058e-06
442.0 -6.97856274059 -0.896635420884 0.0 0.775395860066 -0.0477075087906 0.0 -6.78374828458e-06
443.0 -7.04517248486 -0.749560800857 0.0 0.782796942762 -0.0643824665715 0.0 -5.79966691942e-06
444.0 -7.09725852041 -0.601213894982 0.0 0.788584280045 -0.0811987894464 0.0 -4.86246794563e-06
445.0 -7.13496251168 -0.451917837369 0.0 0.792773612408 -0.0981205736257 0.0 -3.95952412166e-06
446.0 -7.15838591939 -0.301983963128 0.0 0.795376213265 -0.115113226319 0.0 -3.07934210377e-06
447.0 -7.16759147698 -0.151715778305 0.0 0.796399052998 -0.132143024633 0.0 -2.21116322626e-06
448.0 -7.16260409059 -0.0014126759017 0.0 0.795844898954 -0.149176702678 0.0 -1.34461016527e-06
449.0 -7.14341119333 0.14862647965 0.0 0.793712354814 -0.166181053294 0.0 -4.69356918712e-07
450.0 -7.10996256584 0.298099785311 0.0 0.789995840648 -0.183122531701 0.0 4.25198096509e-07
451.0 -7.062169617 0.446698636324 0.0 0.784685513 -0.19996684848 0.0 1.3502757404e-06
452.0 -6.99990410045 0.594103848146 0.0 0.777767122272 -0.216678538683 0.0 2.31809820907e-06
453.0 -6.92299622248 0.739981430996 0.0 0.769221802498 -0.233220492333 0.0 3.34233495107e-06
454.0 -6.83123207459 0.883977862407 0.0 0.759025786065 -0.249553429156 0.0 4.43864468462e-06
455.0 -6.72435029667 1.02571466974 0.0 0.747150032963 -0.265635296637 0.0 5.62535644983e-06
456.0 -6.60203784409 1.16478208615 0.0 0.733559760454 -0.281420565128 0.0 6.92434895368e-06
457.0 -6.46392468965 1.3007314746 0.0 0.718213854405 -0.296859386067 0.0 8.36221255033e-06
458.0 -6.30957723738 1.43306611563 0.0 0.701064137486 -0.311896568403 0.0 9.97181674745e-06
459.0 -6.13849015337 1.56122981359 0.0 0.682054461486 -0.326470312622 0.0 1.17944663943e-05
460.0 -5.9500762233 1.68459256998 0.0 0.661119580366 -0.340510618886 0.0 1.38829255007e-05
461.0 -5.7436537161 1.80243226913 0.0 0.638183746233 -0.353937252126 0.0 1.63057433564e-05
462.0 -5.5184305555 1.91391086561 0.0 0.613158950611 -0.366657096179 0.0 1.91535770409e-05
463.0 -5.27348435396 2.01804286145 0.0 0.585942705995 -0.378560651273 0.0 2.25486483922e-05
464.0 -5.0077370198 2.11365275947 0.0 0.556415224422 -0.389517306608 0.0 2.66592574066e-05
465.0 -4.71992216793 2.19931639548 0.0 0.524435796436 -0.39936882172 0.0 3.17227070211e-05
466.0 -4.40854290072 2.27327807718 0.0 0.48983810008 -0.407920119687 0.0 3.8082717782e-05
467.0 -4.07181663749 2.33333031234 0.0 0.452424070832 -0.414925923593 0.0 4.62528230938e-05
468.0 -3.7076025914 2.37663364069 0.0 0.411955843489 -0.420070737854 0.0 5.70285505817e-05
469.0 -3.31330656698 2.39943657779 0.0 0.368145174108 -0.422937730866 0.0 7.16962727839e-05
470.0 -2.88575847701 2.39662073254 0.0 0.320639830778 -0.422958192504 0.0 9.24460721166e-05
471.0 -2.42106609341 2.36092170455 0.0 0.269007343711 -0.419324967172 0.0 0.000123248375941
472.0 -1.91448619391 2.28150504591 0.0 0.212720688212 -0.410834227323 0.0 0.000171880814304
473.0 -1.3605136317 2.14114522753 0.0 0.1511681813 -0.395572025281 0.0 0.000255100994465
474.0 -0.754107382102 1.91005778045 0.0 0.0837897091223 -0.370228975605 0.0 0.000413192569728
475.0 -0.0977476585467 1.53089868914 0.0 0.0108608509494 -0.328433521016 0.0 0.000749500991554
476.0 0.556969567072 0.882914037764 0.0 -0.0618855074527 -0.256768559752 0.0 0.0013631418433
477.0 0.89951138778 -0.182037284911 0.0 -0.0999457097535 -0.138773968343 0.0 -0.000112891975954
478.0 0.516899593256 -1.22294024309 0.0 -0.0574332881398 -0.0234514174345 0.0 -0.00133400333896
479.0 -0.143493194283 -1.84721418029 0.0 0.0159436882535 0.0455790200327 0.0 -0.000723696846956
480.0 -0.79784346122 -2.21317114069 0.0 0.0886492734687 0.0859075711875 0.0 -0.000403688280651
481.0 -1.40121129505 -2.43615941451 0.0 0.155690143894 0.110350712723 0.0 -0.000252403359286
482.0 -1.95222955875 -2.57099250466 0.0 0.216914395416 0.124998833851 0.0 -0.00017218493317
483.0 -2.45611485747 -2.64634067772 0.0 0.27290165083 0.133037519747 0.0 -0.000125036298446
484.0 -2.9183672988 -2.6788815214 0.0 0.3242630332 0.136319835711 0.0 -9.50425746058e-05
485.0 -3.34369226451 -2.6791510795 0.0 0.371521362724 0.136016453278 0.0 -7.47688253043e-05
486.0 -3.73594367917 -2.65423748448 0.0 0.41510485324 0.13291494272 0.0 -6.03990804839e-05
487.0 -4.09825936934 -2.60914811216 0.0 0.455362152148 0.127571679129 0.0 -4.98192643533e-05
488.0 -4.43320762333 -2.54756085726 0.0 0.492578624814 0.120395317473 0.0 -4.17832260113e-05
489.0 -4.74290863697 -2.47226433324 0.0 0.526989848552 0.111695703694 0.0 -3.55180434539e-05
490.0 -5.02912857534 -2.38542968208 0.0 0.558792063926 0.101714075787 0.0 -3.05235439711e-05
491.0 -5.29335113938 -2.28878586351 0.0 0.588150126598 0.0906425403896 0.0 -2.64642465432e-05
492.0 -5.53683199368 -2.18373691116 0.0 0.615203554853 0.0786371012397 0.0 -2.31081172185e-05
493.0 -5.76064042287 -2.07144285899 0.0 0.640071158097 0.0658266509985 0.0 -2.02903321906e-05
494.0 -5.96569149672 -1.9528771274 0.0 0.662854610747 0.0523193474887 0.0 -1.78910258784e-05
495.0 -6.15277114219 -1.82886819723 0.0 0.683641238021 0.0382072441364 0.0 -1.5821176325e-05
496.0 -6.32255586488 -1.70013052372 0.0 0.702506207209 0.023569724858 0.0 -1.40133923966e-05
497.0 -6.47562838929 -1.56728791574 0.0 0.719514265477 0.00847610174838 0.0 -1.24157450538e-05
498.0 -6.61249014854 -1.43089153566 0.0 0.734721127616 -0.00701238492651 0.0 -1.09875405604e-05
499.0 -6.73357131156 -1.29143399476 0.0 0.748174590173 -0.0228410005821 0.0 -9.69636226678e-06
500.0 -6.83923886016 -1.14936057454 0.0 0.759915428906 -0.0389602694954 0.0 -8.51595860351e-06
501.0 -6.92980310099 -1.00507830917 0.0 0.769978122332 -0.0553249656481 0.0 -7.42470583748e-06
502.0 -7.00552290252 -0.858963463349 0.0 0.778391433613 -0.0718932818501 0.0 -6.40446706434e-06
503.0 -7.06660987716 -0.711367801988 0.0 0.78517887524 -0.0886261331125 0.0 -5.43972756228e-06
504.0 -7.11323167487 -0.562623951695 0.0 0.790359074986 -0.105486560923 0.0 -4.51692407409e-06
505.0 -7.14551451323 -0.413050086781 0.0 0.793946057025 -0.12243921258 0.0 -3.62390999083e-06
506.0 -7.16354503615 -0.262954125107 0.0 0.795949448461 -0.139449874988 0.0 -2.74951431168e-06
507.0 -7.16737156705 -0.112637586577 0.0 0.796374618561 -0.156485045936 0.0 -1.88316273533e-06
508.0 -7.15700479946 0.0376007544888 0.0 0.795222755495 -0.173511528277 0.0 -1.01453562136e-06
509.0 -7.13241794863 0.187461304672 0.0 0.792490883181 -0.190496033852 0.0 -1.33241468611e-07
510.0 -7.09354636921 0.336640061409 0.0 0.788171818801 -0.207404784601 0.0 7.71513955287e-07
511.0 -7.04028662605 0.484824882985 0.0 0.782254069561 -0.22420309811 0.0 1.71128315259e-06
512.0 -6.97249498648 0.631691495398 0.0 0.774721665165 -0.240854943933 0.0 2.69877985522e-06
513.0 -6.8899852815 0.776899096407 0.0 0.765553920167 -0.257322455156 0.0 3.74835709157e-06
514.0 -6.79252605945 0.920085390981 0.0 0.754725117717 -0.273565376776 0.0 4.87659610453e-06
515.0 -6.67983692664 1.06086085375 0.0 0.74220410296 -0.289540428194 0.0 6.10305443656e-06
516.0 -6.55158393327 1.19880195866 0.0 0.727953770363 -0.305200550962 0.0 7.45124072064e-06
517.0 -6.407373817 1.33344303702 0.0 0.711930424111 -0.320494004113 0.0 8.94991320944e-06
518.0 -6.2467468561 1.46426631233 0.0 0.694082984011 -0.335363256925 0.0 1.06348445907e-05
519.0 -6.06916800466 1.59068949725 0.0 0.674352000518 -0.349743610806 0.0 1.2551267342e-05
520.0 -5.87401587469 1.71205010067 0.0 0.652668430521 -0.36356145563 0.0 1.47573287537e-05
521.0 -5.66056898401 1.82758523895 0.0 0.628952109334 -0.37673202655 0.0 1.73290730767e-05
522.0 -5.42798848724 1.93640521056 0.0 0.603109831915 -0.38915646784 0.0 2.03677851792e-05
523.0 -5.17529632756 2.03745826357 0.0 0.575032925284 -0.400717918174 0.0 2.40110787156e-05
524.0 -4.90134735647 2.12948266736 0.0 0.544594150719 -0.411276185263 0.0 2.84500928201e-05
525.0 -4.60479342463 2.21094004356 0.0 0.511643713847 -0.420660338173 0.0 3.39569801613e-05
526.0 -4.28403670133 2.27992026578 0.0 0.476004077926 -0.428658140642 0.0 4.09303827948e-05
527.0 -3.93716850701 2.33400184046 0.0 0.437463167445 -0.435000537829 0.0 4.99737038674e-05
528.0 -3.56188884854 2.37003995709 0.0 0.395765427616 -0.439338106343 0.0 6.20361691472e-05
529.0 -3.15540125194 2.38383180639 0.0 0.350600139104 -0.441203867377 0.0 7.86811616994e-05
530.0 -2.71427989481 2.36956260195 0.0 0.301586654979 -0.43995173355 0.0 0.000102630433085
531.0 -2.23432097501 2.31883462939 0.0 0.248257886112 -0.434648625488 0.0 0.000138955495645
532.0 -1.71045527385 2.21884128029 0.0 0.190050585983 -0.423871586699 0.0 0.000197933339606
533.0 -1.13707726689 2.04862004345 0.0 0.126341918543 -0.405291449272 0.0 0.000302625152112
534.0 -0.510463944512 1.7705151968 0.0 0.0567182160566 -0.374724244089 0.0 0.000510640281555
535.0 0.157580190872 1.30882786382 0.0 -0.017508910097 -0.323758984868 0.0 0.000961207879917
536.0 0.757335124622 0.509371805559 0.0 -0.0841483471804 -0.235263867284 0.0 0.00136999064108
537.0 0.826965224019 -0.641588787509 0.0 -0.0918850248912 -0.107712690277 0.0 -0.00116272949791
538.0 0.274242787663 -1.5192245157 0.0 -0.0304714208516 -0.0105309427001 0.0 -0.0010829740825
539.0 -0.396502927628 -2.02600303336 0.0 0.0440558808473 0.0454444481506 0.0 -0.000571966817207
540.0 -1.03285401063 -2.32857589297 0.0 0.114761556736 0.0787303214412 0.0 -0.000333794407274
541.0 -1.6159221997 -2.51359401249 0.0 0.179546911077 0.0989545569437 0.0 -0.000216452707932
542.0 -2.14840272355 -2.62334855408 0.0 0.238711413728 0.110816172676 0.0 -0.00015156707915
543.0 -2.63590149179 -2.68092809052 0.0 0.292877943533 0.116880565613 0.0 -0.000112168566557
544.0 -3.083655483 -2.7002275694 0.0 0.342628386999 0.118691618822 0.0 -8.64747493875e-05
545.0 -3.49603643183 -2.69025457558 0.0 0.388448492425 0.117250175064 0.0 -6.8768968946e-05
546.0 -3.87660879445 -2.65719084577 0.0 0.430734310495 0.113243093975 0.0 -5.60251341233e-05
547.0 -4.22827846094 -2.60547276392 0.0 0.469808717882 0.107163307102 0.0 -4.6524323005e-05
548.0 -4.55343118983 -2.53840069831 0.0 0.50593679887 0.0993775220345 0.0 -3.92323805588e-05
549.0 -4.85404329517 -2.45850363953 0.0 0.539338143907 0.0901667377251 0.0 -3.34969062445e-05
550.0 -5.13176652111 -2.3677683041 0.0 0.570196280123 0.0797517004557 0.0 -2.88896530247e-05
551.0 -5.38799252746 -2.26778905273 0.0 0.598665836384 0.068309561415 0.0 -2.51198645316e-05
552.0 -5.62390202608 -2.15986942643 0.0 0.624878002897 0.055985158492 0.0 -2.19843112955e-05
553.0 -5.84050250768 -2.04509297732 0.0 0.648944723075 0.042898886369 0.0 -1.93372907424e-05
554.0 -6.03865747695 -1.92437396855 0.0 0.670961941883 0.029152329839 0.0 -1.70719680018e-05
555.0 -6.2191093211 -1.79849450028 0.0 0.691012146789 0.0148323889196 0.0 -1.5108406329e-05
556.0 -6.38249735628 -1.66813225773 0.0 0.70916637292 1.43619699145e-05 0.0 -1.33856759155e-05
557.0 -6.52937217932 -1.53388164177 0.0 0.725485797702 -0.0152357064697 0.0 -1.18565223549e-05
558.0 -6.6602071541 -1.3962701438 0.0 0.740023017122 -0.030859206244 0.0 -1.04836833475e-05
559.0 -6.77540764724 -1.25577124934 0.0 0.752823071915 -0.0468035278508 0.0 -9.23729104924e-06
560.0 -6.87531847259 -1.11281477492 0.0 0.763924274732 -0.0630209138981 0.0 -8.09300381834e-06
561.0 -6.96022989004 -0.967795288172 0.0 0.77335887667 -0.0794675235365 0.0 -7.03063634181e-06
562.0 -7.03038242017 -0.821079087235 0.0 0.781153602241 -0.0961026569739 0.0 -6.03313509748e-06
563.0 -7.08597067258 -0.673010095113 0.0 0.787330074731 -0.112888100543 0.0 -5.08579533779e-06
564.0 -7.12714633733 -0.523914940783 0.0 0.791905148592 -0.129787562135 0.0 -4.17564768295e-06
565.0 -7.15402045136 -0.37410743968 0.0 0.794891161263 -0.146766173369 0.0 -3.29096313951e-06
566.0 -7.1666650213 -0.223892645112 0.0 0.796296113478 -0.163790039432 0.0 -2.42083891216e-06
567.0 -7.16511405947 -0.0735706140753 0.0 0.796123784385 -0.180825820658 0.0 -1.55483616089e-06
568.0 -7.1493640685 0.0765599870988 0.0 0.794373785389 -0.1978403319 0.0 -6.8264623925e-07
569.0 -7.11937399103 0.226198321683 0.0 0.791041554558 -0.214800146854 0.0 2.06235151267e-07
570.0 -7.07506462259 0.37503775326 0.0 0.786118291398 -0.231671194807 0.0 1.12284571491e-06
571.0 -7.01631746805 0.522762031211 0.0 0.779590829783 -0.248418336801 0.0 2.07912717756e-06
572.0 -6.94297300209 0.66904116255 0.0 0.771441444677 -0.26500490695 0.0 3.08835309423e-06
573.0 -6.85482827279 0.813526821803 0.0 0.761647585865 -0.281392202423 0.0 4.16564415358e-06
574.0 -6.75163376131 0.955847120159 0.0 0.750181529034 -0.29753890224 0.0 5.32861085289e-06
575.0 -6.63308937972 1.09560051081 0.0 0.73700993108 -0.31340039009 0.0 6.59817823192e-06
576.0 -6.49883944904 1.23234854394 0.0 0.722093272115 -0.328927949327 0.0 7.99966988208e-06
577.0 -6.34846644884 1.36560709457 0.0 0.705385160982 -0.344067788286 0.0 9.56426323434e-06
578.0 -6.18148326315 1.49483555677 0.0 0.686831473683 -0.358759839642 0.0 1.1330981992e-05
579.0 -5.99732355784 1.61942331032 0.0 0.666369284204 -0.372936256703 0.0 1.33494772254e-05
580.0 -5.7953298045 1.73867249009 0.0 0.643925533833 -0.386519498899 0.0 1.56839866332e-05
581.0 -5.57473830089 1.85177567578 0.0 0.619415366766 -0.399419852865 0.0 1.84190902629e-05
582.0 -5.33466030999 1.95778648958 0.0 0.592740034444 -0.411532165508 0.0 2.16682697155e-05
583.0 -5.07405812252 2.05558010368 0.0 0.563784235835 -0.422731455965 0.0 2.55869589172e-05
584.0 -4.79171440466 2.14379907701 0.0 0.532412711629 -0.432866897445 0.0 3.03930085574e-05
585.0 -4.48619257774 2.22077731995 0.0 0.498465841971 -0.441753368883 0.0 3.63998086419e-05
586.0 -4.15578514447 2.28443049615 0.0 0.461753904941 -0.44915927735 0.0 4.40718766151e-05
587.0 -3.79844583059 2.33209316559 0.0 0.422049536732 -0.454788462844 0.0 5.41221353802e-05
588.0 -3.41170037861 2.36026803672 0.0 0.379077819845 -0.458252337414 0.0 6.76906677161e-05
589.0 -2.99253088363 2.36422329876 0.0 0.332503431514 -0.459025144307 0.0 8.66926543674e-05
590.0 -2.5372338553 2.33731241694 0.0 0.281914872811 -0.45636837966 0.0 0.000114543617375
591.0 -2.04127861517 2.26975183959 0.0 0.226808735019 -0.449194982176 0.0 0.000157799818023
592.0 -1.49930481503 2.1462501984 0.0 0.166589423892 -0.435805910933 0.0 0.000230241923617
593.0 -0.905891366812 1.94095528155 0.0 0.100654596312 -0.41332869795 0.0 0.000364123204552
594.0 -0.260210345792 1.60545844634 0.0 0.0289122606434 -0.376384605149 0.0 0.000642127239339
595.0 0.407162717116 1.03890441357 0.0 -0.045240301902 -0.313767490397 0.0 0.00121571069263
596.0 0.880548540769 0.0709337045571 0.0 -0.0978387267523 -0.206548522729 0.0 0.00068894085464
597.0 0.656663776644 -1.04717701445 0.0 -0.0729626418495 -0.0826473317283 0.0 -0.00142583285483
598.0 0.0199227150835 -1.76194668049 0.0 -0.00221363500946 -0.00356181327855 0.0 -0.000846889854501
599.0 -0.643655319079 -2.17644528452 0.0 0.0715172576752 0.0421602538354 0.0 -0.000459828680621
